
    $constrain
        force constant=0.2
        
    distance: 6, 22, 1.8524999999999998
    distance: 21, 22, 1.8524999999999998
    distance: 33, 22, 1.8524999999999998
    distance: 23, 22, 1.805
    angle: 6, 22, 23, 90
    angle: 6, 22, 33, 180
    angle: 23, 22, 21, 180
    $end
    