
    $constrain
        force constant=0.0025
        
    distance: 15, 13, 1.805
    distance: 12, 13, 1.8524999999999998
    distance: 14, 13, 1.9
    distance: 25, 13, 1.8524999999999998
    angle: 14, 13, 25, 180
    angle: 12, 13, 15, 180
    angle: 12, 13, 14, 90
    $end
    